# name   d   sig alph beta gamm  kb   rb    RE   Rrad   - log mu core ref
#
NGC221  0.7   77 4.66 1.26 0.50 2.56 -3.71 -1.29 -3.28 4.74 6.00 5.31 2  
NGC224  0.9  220 4.72 0.87 0.12 3.25 -3.65  0.43 -0.58 1.65 1.66 1.66 1  
NGC474  32.5 169 1.23 1.90 0.37 0.91 -1.39 -0.43 -1.30 2.08 2.10 2.10 2  
NGC524  32.1 242 0.68 1.69 0.03 1.26 -1.41 -0.02 -0.98 2.12 2.15 2.16 2  
NGC596  22.6 165 0.76 1.97 0.55 0.62 -1.20 -0.43 -1.44 2.31 2.37 2.36 1  
NGC720  24.1 250 2.32 1.66 0.06 1.12 -1.21 -0.07 -0.90 1.97 1.99 1.99 1  
NGC821  23.2 207 1.00 1.59 0.64 1.31 -1.66 -0.34 -1.60 3.03 3.20 3.23 2  
NGC1023 10.9 217 4.72 1.18 0.78 1.52 -1.80 -0.16 -1.52 2.99 3.11 3.14 1  
NGC1052 17.8 222 1.05 1.43 0.11 1.94 -2.22 -0.26 -1.58 3.15 3.28 3.32 2  
#NGC1172 31.8 113 1.52 1.64 1.01 0.18 -1.21 -0.76 -6.00 6.00 6.00 6.00 1  
NGC1316 19.1 240 1.16 1.00 0.00 1.85 -2.21  0.20 -0.87 1.96 1.99 2.01 1  
NGC1399 19.1 333 1.50 1.68 0.07 1.49 -1.33  0.10 -0.95 2.66 2.69 2.72 1  
NGC1400 22.9 265 1.39 1.32 0.00 2.08 -2.22 -0.09 -1.49 3.29 3.44 3.52 1  
NGC1426 22.9 150 3.62 1.35 0.85 0.89 -1.53 -0.51 -1.52 2.25 2.31 2.30 1  
NGC1600 53.5 340 1.98 1.50 0.08 1.02 -0.88 -0.26 -0.52 1.68 1.69 1.70 1
NGC1700 37.9 230 0.90 1.30 0.00 2.23 -2.57 -0.19 -1.62 3.27 3.51 3.59 1  
NGC2636 35.7  85 1.84 1.14 0.04 1.41 -2.59 -0.88 -1.87 1.97 2.01 1.99 1  
NGC2685 16.2 114 1.69 1.52 0.73 0.64 -1.48 -0.68 -1.56 1.87 1.90 1.89 2  
NGC2832 96.2 330 1.84 1.40 0.02 1.27 -1.16 -0.23 -0.68 2.02 2.04 2.06 1  
NGC2841 14.1 229 0.93 1.02 0.01 2.35 -2.84 -0.08 -1.17 2.41 2.53 2.56 1  
NGC3115  6.7 264 1.13 1.80 0.73 1.36 -1.51 -0.25 -1.65 3.62 4.00 6.00 2  
NGC3377 10.6 152 1.92 1.33 0.29 2.53 -3.12 -0.74 -2.57 4.48 6.00 6.00 1  
NGC3379  8.1 209 1.82 1.45 0.18 1.71 -1.96 -0.29 -1.50 2.95 3.02 3.03 2  
NGC3384  8.1 170 5.36 1.58 0.64 1.35 -1.78 -0.52 -1.61 2.80 2.84 2.84 2  
NGC3599 21.7 80 13.01 1.66 0.79 0.50 -1.64 -1.01 -1.65 1.34 1.35 1.34 1  
NGC3605 21.7 103 9.14 1.26 0.67 0.92 -1.82 -0.75 -1.64 1.84 1.86 1.85 1  
NGC3608 21.7 195 1.05 1.33 0.00 1.88 -2.32 -0.29 -1.53 2.80 2.90 2.91 1  
NGC3900 29.4 118 0.29 1.66 0.51 1.39 -2.24 -0.75 -2.37 3.65 6.00 6.00 2  
NGC4026 17.0 195 0.88 1.50 0.68 1.51 -1.92 -0.41 -1.84 3.41 3.94 4.07 2  
NGC4143 17.0 270 1.26 2.18 0.59 1.20 -1.35 -0.26 -1.45 3.23 3.35 3.42 2  
NGC4150  9.7  85 1.23 1.67 0.58 1.18 -2.28 -1.09 -2.20 2.69 2.79 2.74 2  
NGC4168 38.8 185 0.95 1.50 0.14 0.76 -1.11 -0.10 -0.82 1.24 1.25 1.25 1  
NGC4239 16.3 60 14.53 0.96 0.65 0.39 -1.78 -1.09 -1.71 0.75 0.76 0.75 1  
NGC4261 35.1 326 2.38 1.43 0.00 1.43 -1.32  0.15 -0.86 2.38 2.41 2.44 2  
NGC4278 9.72  50 1.63 1.39 0.02 1.96 -2.10 -0.16 -1.50 3.25 3.36 3.40 2  
NGC4291 29.4 278 2.07 1.48 0.02 1.89 -1.92 -0.14 -1.44 3.28 3.38 3.43 2  
NGC4365 23.5 262 2.06 1.27 0.15 1.43 -1.51  0.07 -0.96 2.25 2.28 2.30 1  
NGC4374 16.8 296 2.15 1.50 0.13 1.53 -1.47  0.03 -1.05 2.66 2.70 2.72 2  
NGC4387 16.3 105 3.36 1.59 0.72 0.38 -1.24 -0.66 -1.33 1.24 1.26 1.25 1  
NGC4406 16.8 250 3.31 1.16 0.00 1.70 -1.84  0.03 -1.19 2.61 2.67 2.69 2  
NGC4417 16.8  84 0.87 1.77 0.71 0.10 -1.28 -0.90 -1.80 1.75 1.80 1.78 2  
NGC4434 16.3 115 0.98 1.78 0.70 0.60 -1.51 -0.74 -1.77 2.31 2.39 2.35 1  
NGC4458 16.3 105 5.26 1.43 0.49 2.02 -2.81 -0.99 -2.51 3.87 4.04 3.96 1  
NGC4464 16.3 125 1.64 1.68 0.88 0.96 -1.81 -0.81 -2.08 3.11 6.00 3.35 1  
NGC4467 16.3  72 7.52 2.13 0.98 0.02 -1.38 -1.10 -2.75 3.38 6.00 6.00 1  
NGC4472 16.8 303 1.89 1.29 0.04 1.48 -1.42  0.20 -0.84 2.29 2.32 2.34 2  
NGC4478 16.3 135 3.32 0.84 0.43 1.75 -2.66 -0.24 -1.17 1.39 1.42 1.42 1  
NGC4486 16.3 360 2.82 1.39 0.25 1.32 -1.01  0.36 -0.63 2.28 2.29 2.31 1  
NGC448B 16.3 200 2.78 1.33 0.14 2.24 -2.63 -0.50 -2.10 3.90 4.33 4.38 1  
NGC4551 16.3 121 2.94 1.23 0.80 0.54 -1.30 -0.52 -1.36 1.56 1.59 1.58 1
NGC4552 16.3 260 1.48 1.30 0.00 1.93 -2.08 -0.05 -1.36 3.02 3.12 3.16 1  
NGC4564 16.3 165 0.25 1.90 0.05 1.61 -2.17 -0.45 -1.80 3.02 3.33 3.29 1  
NGC4570 16.3 195 3.72 1.49 0.85 1.04 -1.44 -0.36 -1.43 2.57 2.65 2.65 1  
NGC4589 30.0 228 1.09 1.18 0.11 1.93 -2.27 -0.07 -1.32 2.64 2.75 2.77 2  
NGC4621 16.3 250 0.19 1.71 0.50 1.16 -1.42 -0.10 -1.90 3.94 6.00 6.00 1  
NGC4636 17.0 207 1.69 1.56 0.13 1.07 -1.30 -0.14 -0.96 1.84 1.85 1.85 2  
NGC4649 16.3 360 2.00 1.30 0.15 1.55 -1.34  0.32 -0.79 2.50 2.54 2.57 1  
NGC4697 11. 175 24.86 1.04 0.74 1.27 -1.64 -0.11 -1.26 2.24 2.28 2.28 1  
#NGC4742 13. 105 48.60 1.99 1.09 0.78 -1.83 -1.05 -6.00 6.00 6.00 6.00 1  
NGC4874 99.5 290 2.33 1.37 0.13 0.71 -0.68  0.25 -0.39 1.08 1.08 1.09 1  
NGC4889 99.5 350 2.61 1.35 0.05 1.06 -0.88  0.33 -0.47 1.66 1.68 1.69 1  
NGC5273 21.3  52 7.03 1.32 0.37 0.48 -1.93 -1.26 -1.79 0.72 0.73 0.73 2  
NGC5813 30.2 225 2.15 1.33 0.08 1.50 -1.72 -0.13 -1.19 2.42 2.46 2.47 1  
NGC5838 28.5 290 2.57 1.87 0.93 0.83 -0.98 -0.12 -1.29 2.97 6.00 6.00 2  
NGC5845 30.1 260 1.27 2.74 0.51 1.03 -1.27 -0.35 -1.44 3.14 3.23 3.27 1  
NGC5982 38.7 256 1.73 1.28 0.06 1.65 -1.80 -0.02 -1.16 2.57 2.62 2.65 2
NGC6166 120. 300 3.32 0.99 0.08 0.67 -0.68 -0.35 -0.27 0.74 0.75 0.76 1  
NGC6340 22.0 137 2.46 1.28 0.59 1.61 -2.28 -0.62 -1.91 2.97 3.09 3.06 2  
NGC7332 21.7 130 4.25 1.34 0.90 1.12 -1.88 -0.68 -1.87 2.76 2.93 2.86 1  
NGC7457 12.3  77 2.32 1.03 0.35 1.22 -2.46 -0.90 -1.83 1.67 1.71 1.69 2  
NGC7626 45.3 273 1.84 1.30 0.36 1.57 -1.64  0.01 -1.15 2.65 2.71 2.75 2  
NGC7743 24.4  85 5.36 1.38 0.50 1.47 -2.48 -1.04 -2.19 2.76 2.82 2.79 2  
NGC7768 110. 290 1.92 1.21 0.00 1.39 -1.46  0.17 -0.82 2.04 2.07 2.08 1  
